170.00 167.81 165.64 163.49 161.36 159.25 157.16 155.09 153.04 151.01 149.00 147.01 145.04 143.09 141.16 139.25 137.36 135.49 133.64 131.81 130.00 128.21 126.44 124.69 122.96 121.25 119.56 117.89 116.24 114.61 113.00 111.41 109.84 108.29 106.76 105.25 103.76 102.29 100.84 99.41 98.00 96.61 95.24 93.89 92.56 91.25 89.96 88.69 87.44 86.21 85.00 83.81 82.64 81.49 80.36 79.25 78.16 77.09 76.04 75.01 74.00 73.01 72.04 71.09 70.16 69.25 68.36 67.49 66.64 65.81 65.00 64.21 63.44 62.69 61.96 61.25 60.56 59.89 59.24 58.61 58.00 57.41 56.84 56.29 55.76 55.25 54.76 54.29 53.84 53.41 53.00 52.61 52.24 51.89 51.56 51.25 50.96 50.69 50.44 50.21 50.00 49.81 49.64 49.49 49.36 49.25 49.16 49.09 49.04 49.01 49.00 49.01 49.04 49.09 49.16 49.25 49.36 49.49 49.64 49.81 50.00 50.21 50.44 50.69 50.96 51.25 51.56 51.89 52.24 52.61 53.00 53.41 53.84 54.29 54.76 55.25 55.76 56.29 56.84
168.61 166.42 164.25 162.10 159.97 157.86 155.77 153.70 151.65 149.62 147.61 145.62 143.65 141.70 139.77 137.86 135.97 134.10 132.25 130.42 128.61 126.82 125.05 123.30 121.57 119.86 118.17 116.50 114.85 113.22 111.61 110.02 108.45 106.90 105.37 103.86 102.37 100.90 99.45 98.02 96.61 95.22 93.85 92.50 91.17 89.86 88.57 87.30 86.05 84.82 83.61 82.42 81.25 80.10 78.97 77.86 76.77 75.70 74.65 73.62 72.61 71.62 70.65 69.70 68.77 67.86 66.97 66.10 65.25 64.42 63.61 62.82 62.05 61.30 60.57 59.86 59.17 58.50 57.85 57.22 56.61 56.02 55.45 54.90 54.37 53.86 53.37 52.90 52.45 52.02 51.61 51.22 50.85 50.50 50.17 49.86 49.57 49.30 49.05 48.82 48.61 48.42 48.25 48.10 47.97 47.86 47.77 47.70 47.65 47.62 47.61 47.62 47.65 47.70 47.77 47.86 47.97 48.10 48.25 48.42 48.61 48.82 49.05 49.30 49.57 49.86 50.17 50.50 50.85 51.22 51.61 52.02 52.45 52.90 53.37 53.86 54.37 54.90 55.45
167.24 165.05 162.88 160.73 158.60 156.49 154.40 152.33 150.28 148.25 146.24 144.25 142.28 140.33 138.40 136.49 134.60 132.73 130.88 129.05 127.24 125.45 123.68 121.93 120.20 118.49 116.80 115.13 113.48 111.85 110.24 108.65 107.08 105.53 104.00 102.49 101.00 99.53 98.08 96.65 95.24 93.85 92.48 91.13 89.80 88.49 87.20 85.93 84.68 83.45 82.24 81.05 79.88 78.73 77.60 76.49 75.40 74.33 73.28 72.25 71.24 70.25 69.28 68.33 67.40 66.49 65.60 64.73 63.88 63.05 62.24 61.45 60.68 59.93 59.20 58.49 57.80 57.13 56.48 55.85 55.24 54.65 54.08 53.53 53.00 52.49 52.00 51.53 51.08 50.65 50.24 49.85 49.48 49.13 48.80 48.49 48.20 47.93 47.68 47.45 47.24 47.05 46.88 46.73 46.60 46.49 46.40 46.33 46.28 46.25 46.24 46.25 46.28 46.33 46.40 46.49 46.60 46.73 46.88 47.05 47.24 47.45 47.68 47.93 48.20 48.49 48.80 49.13 49.48 49.85 50.24 50.65 51.08 51.53 52.00 52.49 53.00 53.53 54.08
165.89 163.70 161.53 159.38 157.25 155.14 153.05 150.98 148.93 146.90 144.89 142.90 140.93 138.98 137.05 135.14 133.25 131.38 129.53 127.70 125.89 124.10 122.33 120.58 118.85 117.14 115.45 113.78 112.13 110.50 108.89 107.30 105.73 104.18 102.65 101.14 99.65 98.18 96.73 95.30 93.89 92.50 91.13 89.78 88.45 87.14 85.85 84.58 83.33 82.10 80.89 79.70 78.53 77.38 76.25 75.14 74.05 72.98 71.93 70.90 69.89 68.90 67.93 66.98 66.05 65.14 64.25 63.38 62.53 61.70 60.89 60.10 59.33 58.58 57.85 57.14 56.45 55.78 55.13 54.50 53.89 53.30 52.73 52.18 51.65 51.14 50.65 50.18 49.73 49.30 48.89 48.50 48.13 47.78 47.45 47.14 46.85 46.58 46.33 46.10 45.89 45.70 45.53 45.38 45.25 45.14 45.05 44.98 44.93 44.90 44.89 44.90 44.93 44.98 45.05 45.14 45.25 45.38 45.53 45.70 45.89 46.10 46.33 46.58 46.85 47.14 47.45 47.78 48.13 48.50 48.89 49.30 49.73 50.18 50.65 51.14 51.65 52.18 52.73
164.56 162.37 160.20 158.05 155.92 153.81 151.72 149.65 147.60 145.57 143.56 141.57 139.60 137.65 135.72 133.81 131.92 130.05 128.20 126.37 124.56 122.77 121.00 119.25 117.52 115.81 114.12 112.45 110.80 109.17 107.56 105.97 104.40 102.85 101.32 99.81 98.32 96.85 95.40 93.97 92.56 91.17 89.80 88.45 87.12 85.81 84.52 83.25 82.00 80.77 79.56 78.37 77.20 76.05 74.92 73.81 72.72 71.65 70.60 69.57 68.56 67.57 66.60 65.65 64.72 63.81 62.92 62.05 61.20 60.37 59.56 58.77 58.00 57.25 56.52 55.81 55.12 54.45 53.80 53.17 52.56 51.97 51.40 50.85 50.32 49.81 49.32 48.85 48.40 47.97 47.56 47.17 46.80 46.45 46.12 45.81 45.52 45.25 45.00 44.77 44.56 44.37 44.20 44.05 43.92 43.81 43.72 43.65 43.60 43.57 43.56 43.57 43.60 43.65 43.72 43.81 43.92 44.05 44.20 44.37 44.56 44.77 45.00 45.25 45.52 45.81 46.12 46.45 46.80 47.17 47.56 47.97 48.40 48.85 49.32 49.81 50.32 50.85 51.40
163.25 161.06 158.89 156.74 154.61 152.50 150.41 148.34 146.29 144.26 142.25 140.26 138.29 136.34 134.41 132.50 130.61 128.74 126.89 125.06 123.25 121.46 119.69 117.94 116.21 114.50 112.81 111.14 109.49 107.86 106.25 104.66 103.09 101.54 100.01 98.50 97.01 95.54 94.09 92.66 91.25 89.86 88.49 87.14 85.81 84.50 83.21 81.94 80.69 79.46 78.25 77.06 75.89 74.74 73.61 72.50 71.41 70.34 69.29 68.26 67.25 66.26 65.29 64.34 63.41 62.50 61.61 60.74 59.89 59.06 58.25 57.46 56.69 55.94 55.21 54.50 53.81 53.14 52.49 51.86 51.25 50.66 50.09 49.54 49.01 48.50 48.01 47.54 47.09 46.66 46.25 45.86 45.49 45.14 44.81 44.50 44.21 43.94 43.69 43.46 43.25 43.06 42.89 42.74 42.61 42.50 42.41 42.34 42.29 42.26 42.25 42.26 42.29 42.34 42.41 42.50 42.61 42.74 42.89 43.06 43.25 43.46 43.69 43.94 44.21 44.50 44.81 45.14 45.49 45.86 46.25 46.66 47.09 47.54 48.01 48.50 49.01 49.54 50.09
161.96 159.77 157.60 155.45 153.32 151.21 149.12 147.05 145.00 142.97 140.96 138.97 137.00 135.05 133.12 131.21 129.32 127.45 125.60 123.77 121.96 120.17 118.40 116.65 114.92 113.21 111.52 109.85 108.20 106.57 104.96 103.37 101.80 100.25 98.72 97.21 95.72 94.25 92.80 91.37 89.96 88.57 87.20 85.85 84.52 83.21 81.92 80.65 79.40 78.17 76.96 75.77 74.60 73.45 72.32 71.21 70.12 69.05 68.00 66.97 65.96 64.97 64.00 63.05 62.12 61.21 60.32 59.45 58.60 57.77 56.96 56.17 55.40 54.65 53.92 53.21 52.52 51.85 51.20 50.57 49.96 49.37 48.80 48.25 47.72 47.21 46.72 46.25 45.80 45.37 44.96 44.57 44.20 43.85 43.52 43.21 42.92 42.65 42.40 42.17 41.96 41.77 41.60 41.45 41.32 41.21 41.12 41.05 41.00 40.97 40.96 40.97 41.00 41.05 41.12 41.21 41.32 41.45 41.60 41.77 41.96 42.17 42.40 42.65 42.92 43.21 43.52 43.85 44.20 44.57 44.96 45.37 45.80 46.25 46.72 47.21 47.72 48.25 48.80
160.69 158.50 156.33 154.18 152.05 149.94 147.85 145.78 143.73 141.70 139.69 137.70 135.73 133.78 131.85 129.94 128.05 126.18 124.33 122.50 120.69 118.90 117.13 115.38 113.65 111.94 110.25 108.58 106.93 105.30 103.69 102.10 100.53 98.98 97.45 95.94 94.45 92.98 91.53 90.10 88.69 87.30 85.93 84.58 83.25 81.94 80.65 79.38 78.13 76.90 75.69 74.50 73.33 72.18 71.05 69.94 68.85 67.78 66.73 65.70 64.69 63.70 62.73 61.78 60.85 59.94 59.05 58.18 57.33 56.50 55.69 54.90 54.13 53.38 52.65 51.94 51.25 50.58 49.93 49.30 48.69 48.10 47.53 46.98 46.45 45.94 45.45 44.98 44.53 44.10 43.69 43.30 42.93 42.58 42.25 41.94 41.65 41.38 41.13 40.90 40.69 40.50 40.33 40.18 40.05 39.94 39.85 39.78 39.73 39.70 39.69 39.70 39.73 39.78 39.85 39.94 40.05 40.18 40.33 40.50 40.69 40.90 41.13 41.38 41.65 41.94 42.25 42.58 42.93 43.30 43.69 44.10 44.53 44.98 45.45 45.94 46.45 46.98 47.53
159.44 157.25 155.08 152.93 150.80 148.69 146.60 144.53 142.48 140.45 138.44 136.45 134.48 132.53 130.60 128.69 126.80 124.93 123.08 121.25 119.44 117.65 115.88 114.13 112.40 110.69 109.00 107.33 105.68 104.05 102.44 100.85 99.28 97.73 96.20 94.69 93.20 91.73 90.28 88.85 87.44 86.05 84.68 83.33 82.00 80.69 79.40 78.13 76.88 75.65 74.44 73.25 72.08 70.93 69.80 68.69 67.60 66.53 65.48 64.45 63.44 62.45 61.48 60.53 59.60 58.69 57.80 56.93 56.08 55.25 54.44 53.65 52.88 52.13 51.40 50.69 50.00 49.33 48.68 48.05 47.44 46.85 46.28 45.73 45.20 44.69 44.20 43.73 43.28 42.85 42.44 42.05 41.68 41.33 41.00 40.69 40.40 40.13 39.88 39.65 39.44 39.25 39.08 38.93 38.80 38.69 38.60 38.53 38.48 38.45 38.44 38.45 38.48 38.53 38.60 38.69 38.80 38.93 39.08 39.25 39.44 39.65 39.88 40.13 40.40 40.69 41.00 41.33 41.68 42.05 42.44 42.85 43.28 43.73 44.20 44.69 45.20 45.73 46.28
158.21 156.02 153.85 151.70 149.57 147.46 145.37 143.30 141.25 139.22 137.21 135.22 133.25 131.30 129.37 127.46 125.57 123.70 121.85 120.02 118.21 116.42 114.65 112.90 111.17 109.46 107.77 106.10 104.45 102.82 101.21 99.62 98.05 96.50 94.97 93.46 91.97 90.50 89.05 87.62 86.21 84.82 83.45 82.10 80.77 79.46 78.17 76.90 75.65 74.42 73.21 72.02 70.85 69.70 68.57 67.46 66.37 65.30 64.25 63.22 62.21 61.22 60.25 59.30 58.37 57.46 56.57 55.70 54.85 54.02 53.21 52.42 51.65 50.90 50.17 49.46 48.77 48.10 47.45 46.82 46.21 45.62 45.05 44.50 43.97 43.46 42.97 42.50 42.05 41.62 41.21 40.82 40.45 40.10 39.77 39.46 39.17 38.90 38.65 38.42 38.21 38.02 37.85 37.70 37.57 37.46 37.37 37.30 37.25 37.22 37.21 37.22 37.25 37.30 37.37 37.46 37.57 37.70 37.85 38.02 38.21 38.42 38.65 38.90 39.17 39.46 39.77 40.10 40.45 40.82 41.21 41.62 42.05 42.50 42.97 43.46 43.97 44.50 45.05
157.00 154.81 152.64 150.49 148.36 146.25 144.16 142.09 140.04 138.01 136.00 134.01 132.04 130.09 128.16 126.25 124.36 122.49 120.64 118.81 117.00 115.21 113.44 111.69 109.96 108.25 106.56 104.89 103.24 101.61 100.00 98.41 96.84 95.29 93.76 92.25 90.76 89.29 87.84 86.41 85.00 83.61 82.24 80.89 79.56 78.25 76.96 75.69 74.44 73.21 72.00 70.81 69.64 68.49 67.36 66.25 65.16 64.09 63.04 62.01 61.00 60.01 59.04 58.09 57.16 56.25 55.36 54.49 53.64 52.81 52.00 51.21 50.44 49.69 48.96 48.25 47.56 46.89 46.24 45.61 45.00 44.41 43.84 43.29 42.76 42.25 41.76 41.29 40.84 40.41 40.00 39.61 39.24 38.89 38.56 38.25 37.96 37.69 37.44 37.21 37.00 36.81 36.64 36.49 36.36 36.25 36.16 36.09 36.04 36.01 36.00 36.01 36.04 36.09 36.16 36.25 36.36 36.49 36.64 36.81 37.00 37.21 37.44 37.69 37.96 38.25 38.56 38.89 39.24 39.61 40.00 40.41 40.84 41.29 41.76 42.25 42.76 43.29 43.84
155.81 153.62 151.45 149.30 147.17 145.06 142.97 140.90 138.85 136.82 134.81 132.82 130.85 128.90 126.97 125.06 123.17 121.30 119.45 117.62 115.81 114.02 112.25 110.50 108.77 107.06 105.37 103.70 102.05 100.42 98.81 97.22 95.65 94.10 92.57 91.06 89.57 88.10 86.65 85.22 83.81 82.42 81.05 79.70 78.37 77.06 75.77 74.50 73.25 72.02 70.81 69.62 68.45 67.30 66.17 65.06 63.97 62.90 61.85 60.82 59.81 58.82 57.85 56.90 55.97 55.06 54.17 53.30 52.45 51.62 50.81 50.02 49.25 48.50 47.77 47.06 46.37 45.70 45.05 44.42 43.81 43.22 42.65 42.10 41.57 41.06 40.57 40.10 39.65 39.22 38.81 38.42 38.05 37.70 37.37 37.06 36.77 36.50 36.25 36.02 35.81 35.62 35.45 35.30 35.17 35.06 34.97 34.90 34.85 34.82 34.81 34.82 34.85 34.90 34.97 35.06 35.17 35.30 35.45 35.62 35.81 36.02 36.25 36.50 36.77 37.06 37.37 37.70 38.05 38.42 38.81 39.22 39.65 40.10 40.57 41.06 41.57 42.10 42.65
154.64 152.45 150.28 148.13 146.00 143.89 141.80 139.73 137.68 135.65 133.64 131.65 129.68 127.73 125.80 123.89 122.00 120.13 118.28 116.45 114.64 112.85 111.08 109.33 107.60 105.89 104.20 102.53 100.88 99.25 97.64 96.05 94.48 92.93 91.40 89.89 88.40 86.93 85.48 84.05 82.64 81.25 79.88 78.53 77.20 75.89 74.60 73.33 72.08 70.85 69.64 68.45 67.28 66.13 65.00 63.89 62.80 61.73 60.68 59.65 58.64 57.65 56.68 55.73 54.80 53.89 53.00 52.13 51.28 50.45 49.64 48.85 48.08 47.33 46.60 45.89 45.20 44.53 43.88 43.25 42.64 42.05 41.48 40.93 40.40 39.89 39.40 38.93 38.48 38.05 37.64 37.25 36.88 36.53 36.20 35.89 35.60 35.33 35.08 34.85 34.64 34.45 34.28 34.13 34.00 33.89 33.80 33.73 33.68 33.65 33.64 33.65 33.68 33.73 33.80 33.89 34.00 34.13 34.28 34.45 34.64 34.85 35.08 35.33 35.60 35.89 36.20 36.53 36.88 37.25 37.64 38.05 38.48 38.93 39.40 39.89 40.40 40.93 41.48
153.49 151.30 149.13 146.98 144.85 142.74 140.65 138.58 136.53 134.50 132.49 130.50 128.53 126.58 124.65 122.74 120.85 118.98 117.13 115.30 113.49 111.70 109.93 108.18 106.45 104.74 103.05 101.38 99.73 98.10 96.49 94.90 93.33 91.78 90.25 88.74 87.25 85.78 84.33 82.90 81.49 80.10 78.73 77.38 76.05 74.74 73.45 72.18 70.93 69.70 68.49 67.30 66.13 64.98 63.85 62.74 61.65 60.58 59.53 58.50 57.49 56.50 55.53 54.58 53.65 52.74 51.85 50.98 50.13 49.30 48.49 47.70 46.93 46.18 45.45 44.74 44.05 43.38 42.73 42.10 41.49 40.90 40.33 39.78 39.25 38.74 38.25 37.78 37.33 36.90 36.49 36.10 35.73 35.38 35.05 34.74 34.45 34.18 33.93 33.70 33.49 33.30 33.13 32.98 32.85 32.74 32.65 32.58 32.53 32.50 32.49 32.50 32.53 32.58 32.65 32.74 32.85 32.98 33.13 33.30 33.49 33.70 33.93 34.18 34.45 34.74 35.05 35.38 35.73 36.10 36.49 36.90 37.33 37.78 38.25 38.74 39.25 39.78 40.33
152.36 150.17 148.00 145.85 143.72 141.61 139.52 137.45 135.40 133.37 131.36 129.37 127.40 125.45 123.52 121.61 119.72 117.85 116.00 114.17 112.36 110.57 108.80 107.05 105.32 103.61 101.92 100.25 98.60 96.97 95.36 93.77 92.20 90.65 89.12 87.61 86.12 84.65 83.20 81.77 80.36 78.97 77.60 76.25 74.92 73.61 72.32 71.05 69.80 68.57 67.36 66.17 65.00 63.85 62.72 61.61 60.52 59.45 58.40 57.37 56.36 55.37 54.40 53.45 52.52 51.61 50.72 49.85 49.00 48.17 47.36 46.57 45.80 45.05 44.32 43.61 42.92 42.25 41.60 40.97 40.36 39.77 39.20 38.65 38.12 37.61 37.12 36.65 36.20 35.77 35.36 34.97 34.60 34.25 33.92 33.61 33.32 33.05 32.80 32.57 32.36 32.17 32.00 31.85 31.72 31.61 31.52 31.45 31.40 31.37 31.36 31.37 31.40 31.45 31.52 31.61 31.72 31.85 32.00 32.17 32.36 32.57 32.80 33.05 33.32 33.61 33.92 34.25 34.60 34.97 35.36 35.77 36.20 36.65 37.12 37.61 38.12 38.65 39.20
151.25 149.06 146.89 144.74 142.61 140.50 138.41 136.34 134.29 132.26 130.25 128.26 126.29 124.34 122.41 120.50 118.61 116.74 114.89 113.06 111.25 109.46 107.69 105.94 104.21 102.50 100.81 99.14 97.49 95.86 94.25 92.66 91.09 89.54 88.01 86.50 85.01 83.54 82.09 80.66 79.25 77.86 76.49 75.14 73.81 72.50 71.21 69.94 68.69 67.46 66.25 65.06 63.89 62.74 61.61 60.50 59.41 58.34 57.29 56.26 55.25 54.26 53.29 52.34 51.41 50.50 49.61 48.74 47.89 47.06 46.25 45.46 44.69 43.94 43.21 42.50 41.81 41.14 40.49 39.86 39.25 38.66 38.09 37.54 37.01 36.50 36.01 35.54 35.09 34.66 34.25 33.86 33.49 33.14 32.81 32.50 32.21 31.94 31.69 31.46 31.25 31.06 30.89 30.74 30.61 30.50 30.41 30.34 30.29 30.26 30.25 30.26 30.29 30.34 30.41 30.50 30.61 30.74 30.89 31.06 31.25 31.46 31.69 31.94 32.21 32.50 32.81 33.14 33.49 33.86 34.25 34.66 35.09 35.54 36.01 36.50 37.01 37.54 38.09
150.16 147.97 145.80 143.65 141.52 139.41 137.32 135.25 133.20 131.17 129.16 127.17 125.20 123.25 121.32 119.41 117.52 115.65 113.80 111.97 110.16 108.37 106.60 104.85 103.12 101.41 99.72 98.05 96.40 94.77 93.16 91.57 90.00 88.45 86.92 85.41 83.92 82.45 81.00 79.57 78.16 76.77 75.40 74.05 72.72 71.41 70.12 68.85 67.60 66.37 65.16 63.97 62.80 61.65 60.52 59.41 58.32 57.25 56.20 55.17 54.16 53.17 52.20 51.25 50.32 49.41 48.52 47.65 46.80 45.97 45.16 44.37 43.60 42.85 42.12 41.41 40.72 40.05 39.40 38.77 38.16 37.57 37.00 36.45 35.92 35.41 34.92 34.45 34.00 33.57 33.16 32.77 32.40 32.05 31.72 31.41 31.12 30.85 30.60 30.37 30.16 29.97 29.80 29.65 29.52 29.41 29.32 29.25 29.20 29.17 29.16 29.17 29.20 29.25 29.32 29.41 29.52 29.65 29.80 29.97 30.16 30.37 30.60 30.85 31.12 31.41 31.72 32.05 32.40 32.77 33.16 33.57 34.00 34.45 34.92 35.41 35.92 36.45 37.00
149.09 146.90 144.73 142.58 140.45 138.34 136.25 134.18 132.13 130.10 128.09 126.10 124.13 122.18 120.25 118.34 116.45 114.58 112.73 110.90 109.09 107.30 105.53 103.78 102.05 100.34 98.65 96.98 95.33 93.70 92.09 90.50 88.93 87.38 85.85 84.34 82.85 81.38 79.93 78.50 77.09 75.70 74.33 72.98 71.65 70.34 69.05 67.78 66.53 65.30 64.09 62.90 61.73 60.58 59.45 58.34 57.25 56.18 55.13 54.10 53.09 52.10 51.13 50.18 49.25 48.34 47.45 46.58 45.73 44.90 44.09 43.30 42.53 41.78 41.05 40.34 39.65 38.98 38.33 37.70 37.09 36.50 35.93 35.38 34.85 34.34 33.85 33.38 32.93 32.50 32.09 31.70 31.33 30.98 30.65 30.34 30.05 29.78 29.53 29.30 29.09 28.90 28.73 28.58 28.45 28.34 28.25 28.18 28.13 28.10 28.09 28.10 28.13 28.18 28.25 28.34 28.45 28.58 28.73 28.90 29.09 29.30 29.53 29.78 30.05 30.34 30.65 30.98 31.33 31.70 32.09 32.50 32.93 33.38 33.85 34.34 34.85 35.38 35.93
148.04 145.85 143.68 141.53 139.40 137.29 135.20 133.13 131.08 129.05 127.04 125.05 123.08 121.13 119.20 117.29 115.40 113.53 111.68 109.85 108.04 106.25 104.48 102.73 101.00 99.29 97.60 95.93 94.28 92.65 91.04 89.45 87.88 86.33 84.80 83.29 81.80 80.33 78.88 77.45 76.04 74.65 73.28 71.93 70.60 69.29 68.00 66.73 65.48 64.25 63.04 61.85 60.68 59.53 58.40 57.29 56.20 55.13 54.08 53.05 52.04 51.05 50.08 49.13 48.20 47.29 46.40 45.53 44.68 43.85 43.04 42.25 41.48 40.73 40.00 39.29 38.60 37.93 37.28 36.65 36.04 35.45 34.88 34.33 33.80 33.29 32.80 32.33 31.88 31.45 31.04 30.65 30.28 29.93 29.60 29.29 29.00 28.73 28.48 28.25 28.04 27.85 27.68 27.53 27.40 27.29 27.20 27.13 27.08 27.05 27.04 27.05 27.08 27.13 27.20 27.29 27.40 27.53 27.68 27.85 28.04 28.25 28.48 28.73 29.00 29.29 29.60 29.93 30.28 30.65 31.04 31.45 31.88 32.33 32.80 33.29 33.80 34.33 34.88
147.01 144.82 142.65 140.50 138.37 136.26 134.17 132.10 130.05 128.02 126.01 124.02 122.05 120.10 118.17 116.26 114.37 112.50 110.65 108.82 107.01 105.22 103.45 101.70 99.97 98.26 96.57 94.90 93.25 91.62 90.01 88.42 86.85 85.30 83.77 82.26 80.77 79.30 77.85 76.42 75.01 73.62 72.25 70.90 69.57 68.26 66.97 65.70 64.45 63.22 62.01 60.82 59.65 58.50 57.37 56.26 55.17 54.10 53.05 52.02 51.01 50.02 49.05 48.10 47.17 46.26 45.37 44.50 43.65 42.82 42.01 41.22 40.45 39.70 38.97 38.26 37.57 36.90 36.25 35.62 35.01 34.42 33.85 33.30 32.77 32.26 31.77 31.30 30.85 30.42 30.01 29.62 29.25 28.90 28.57 28.26 27.97 27.70 27.45 27.22 27.01 26.82 26.65 26.50 26.37 26.26 26.17 26.10 26.05 26.02 26.01 26.02 26.05 26.10 26.17 26.26 26.37 26.50 26.65 26.82 27.01 27.22 27.45 27.70 27.97 28.26 28.57 28.90 29.25 29.62 30.01 30.42 30.85 31.30 31.77 32.26 32.77 33.30 33.85
146.00 143.81 141.64 139.49 137.36 135.25 133.16 131.09 129.04 127.01 125.00 123.01 121.04 119.09 117.16 115.25 113.36 111.49 109.64 107.81 106.00 104.21 102.44 100.69 98.96 97.25 95.56 93.89 92.24 90.61 89.00 87.41 85.84 84.29 82.76 81.25 79.76 78.29 76.84 75.41 74.00 72.61 71.24 69.89 68.56 67.25 65.96 64.69 63.44 62.21 61.00 59.81 58.64 57.49 56.36 55.25 54.16 53.09 52.04 51.01 50.00 49.01 48.04 47.09 46.16 45.25 44.36 43.49 42.64 41.81 41.00 40.21 39.44 38.69 37.96 37.25 36.56 35.89 35.24 34.61 34.00 33.41 32.84 32.29 31.76 31.25 30.76 30.29 29.84 29.41 29.00 28.61 28.24 27.89 27.56 27.25 26.96 26.69 26.44 26.21 26.00 25.81 25.64 25.49 25.36 25.25 25.16 25.09 25.04 25.01 25.00 25.01 25.04 25.09 25.16 25.25 25.36 25.49 25.64 25.81 26.00 26.21 26.44 26.69 26.96 27.25 27.56 27.89 28.24 28.61 29.00 29.41 29.84 30.29 30.76 31.25 31.76 32.29 32.84
145.01 142.82 140.65 138.50 136.37 134.26 132.17 130.10 128.05 126.02 124.01 122.02 120.05 118.10 116.17 114.26 112.37 110.50 108.65 106.82 105.01 103.22 101.45 99.70 97.97 96.26 94.57 92.90 91.25 89.62 88.01 86.42 84.85 83.30 81.77 80.26 78.77 77.30 75.85 74.42 73.01 71.62 70.25 68.90 67.57 66.26 64.97 63.70 62.45 61.22 60.01 58.82 57.65 56.50 55.37 54.26 53.17 52.10 51.05 50.02 49.01 48.02 47.05 46.10 45.17 44.26 43.37 42.50 41.65 40.82 40.01 39.22 38.45 37.70 36.97 36.26 35.57 34.90 34.25 33.62 33.01 32.42 31.85 31.30 30.77 30.26 29.77 29.30 28.85 28.42 28.01 27.62 27.25 26.90 26.57 26.26 25.97 25.70 25.45 25.22 25.01 24.82 24.65 24.50 24.37 24.26 24.17 24.10 24.05 24.02 24.01 24.02 24.05 24.10 24.17 24.26 24.37 24.50 24.65 24.82 25.01 25.22 25.45 25.70 25.97 26.26 26.57 26.90 27.25 27.62 28.01 28.42 28.85 29.30 29.77 30.26 30.77 31.30 31.85
144.04 141.85 139.68 137.53 135.40 133.29 131.20 129.13 127.08 125.05 123.04 121.05 119.08 117.13 115.20 113.29 111.40 109.53 107.68 105.85 104.04 102.25 100.48 98.73 97.00 95.29 93.60 91.93 90.28 88.65 87.04 85.45 83.88 82.33 80.80 79.29 77.80 76.33 74.88 73.45 72.04 70.65 69.28 67.93 66.60 65.29 64.00 62.73 61.48 60.25 59.04 57.85 56.68 55.53 54.40 53.29 52.20 51.13 50.08 49.05 48.04 47.05 46.08 45.13 44.20 43.29 42.40 41.53 40.68 39.85 39.04 38.25 37.48 36.73 36.00 35.29 34.60 33.93 33.28 32.65 32.04 31.45 30.88 30.33 29.80 29.29 28.80 28.33 27.88 27.45 27.04 26.65 26.28 25.93 25.60 25.29 25.00 24.73 24.48 24.25 24.04 23.85 23.68 23.53 23.40 23.29 23.20 23.13 23.08 23.05 23.04 23.05 23.08 23.13 23.20 23.29 23.40 23.53 23.68 23.85 24.04 24.25 24.48 24.73 25.00 25.29 25.60 25.93 26.28 26.65 27.04 27.45 27.88 28.33 28.80 29.29 29.80 30.33 30.88
143.09 140.90 138.73 136.58 134.45 132.34 130.25 128.18 126.13 124.10 122.09 120.10 118.13 116.18 114.25 112.34 110.45 108.58 106.73 104.90 103.09 101.30 99.53 97.78 96.05 94.34 92.65 90.98 89.33 87.70 86.09 84.50 82.93 81.38 79.85 78.34 76.85 75.38 73.93 72.50 71.09 69.70 68.33 66.98 65.65 64.34 63.05 61.78 60.53 59.30 58.09 56.90 55.73 54.58 53.45 52.34 51.25 50.18 49.13 48.10 47.09 46.10 45.13 44.18 43.25 42.34 41.45 40.58 39.73 38.90 38.09 37.30 36.53 35.78 35.05 34.34 33.65 32.98 32.33 31.70 31.09 30.50 29.93 29.38 28.85 28.34 27.85 27.38 26.93 26.50 26.09 25.70 25.33 24.98 24.65 24.34 24.05 23.78 23.53 23.30 23.09 22.90 22.73 22.58 22.45 22.34 22.25 22.18 22.13 22.10 22.09 22.10 22.13 22.18 22.25 22.34 22.45 22.58 22.73 22.90 23.09 23.30 23.53 23.78 24.05 24.34 24.65 24.98 25.33 25.70 26.09 26.50 26.93 27.38 27.85 28.34 28.85 29.38 29.93
142.16 139.97 137.80 135.65 133.52 131.41 129.32 127.25 125.20 123.17 121.16 119.17 117.20 115.25 113.32 111.41 109.52 107.65 105.80 103.97 102.16 100.37 98.60 96.85 95.12 93.41 91.72 90.05 88.40 86.77 85.16 83.57 82.00 80.45 78.92 77.41 75.92 74.45 73.00 71.57 70.16 68.77 67.40 66.05 64.72 63.41 62.12 60.85 59.60 58.37 57.16 55.97 54.80 53.65 52.52 51.41 50.32 49.25 48.20 47.17 46.16 45.17 44.20 43.25 42.32 41.41 40.52 39.65 38.80 37.97 37.16 36.37 35.60 34.85 34.12 33.41 32.72 32.05 31.40 30.77 30.16 29.57 29.00 28.45 27.92 27.41 26.92 26.45 26.00 25.57 25.16 24.77 24.40 24.05 23.72 23.41 23.12 22.85 22.60 22.37 22.16 21.97 21.80 21.65 21.52 21.41 21.32 21.25 21.20 21.17 21.16 21.17 21.20 21.25 21.32 21.41 21.52 21.65 21.80 21.97 22.16 22.37 22.60 22.85 23.12 23.41 23.72 24.05 24.40 24.77 25.16 25.57 26.00 26.45 26.92 27.41 27.92 28.45 29.00
141.25 139.06 136.89 134.74 132.61 130.50 128.41 126.34 124.29 122.26 120.25 118.26 116.29 114.34 112.41 110.50 108.61 106.74 104.89 103.06 101.25 99.46 97.69 95.94 94.21 92.50 90.81 89.14 87.49 85.86 84.25 82.66 81.09 79.54 78.01 76.50 75.01 73.54 72.09 70.66 69.25 67.86 66.49 65.14 63.81 62.50 61.21 59.94 58.69 57.46 56.25 55.06 53.89 52.74 51.61 50.50 49.41 48.34 47.29 46.26 45.25 44.26 43.29 42.34 41.41 40.50 39.61 38.74 37.89 37.06 36.25 35.46 34.69 33.94 33.21 32.50 31.81 31.14 30.49 29.86 29.25 28.66 28.09 27.54 27.01 26.50 26.01 25.54 25.09 24.66 24.25 23.86 23.49 23.14 22.81 22.50 22.21 21.94 21.69 21.46 21.25 21.06 20.89 20.74 20.61 20.50 20.41 20.34 20.29 20.26 20.25 20.26 20.29 20.34 20.41 20.50 20.61 20.74 20.89 21.06 21.25 21.46 21.69 21.94 22.21 22.50 22.81 23.14 23.49 23.86 24.25 24.66 25.09 25.54 26.01 26.50 27.01 27.54 28.09
140.36 138.17 136.00 133.85 131.72 129.61 127.52 125.45 123.40 121.37 119.36 117.37 115.40 113.45 111.52 109.61 107.72 105.85 104.00 102.17 100.36 98.57 96.80 95.05 93.32 91.61 89.92 88.25 86.60 84.97 83.36 81.77 80.20 78.65 77.12 75.61 74.12 72.65 71.20 69.77 68.36 66.97 65.60 64.25 62.92 61.61 60.32 59.05 57.80 56.57 55.36 54.17 53.00 51.85 50.72 49.61 48.52 47.45 46.40 45.37 44.36 43.37 42.40 41.45 40.52 39.61 38.72 37.85 37.00 36.17 35.36 34.57 33.80 33.05 32.32 31.61 30.92 30.25 29.60 28.97 28.36 27.77 27.20 26.65 26.12 25.61 25.12 24.65 24.20 23.77 23.36 22.97 22.60 22.25 21.92 21.61 21.32 21.05 20.80 20.57 20.36 20.17 20.00 19.85 19.72 19.61 19.52 19.45 19.40 19.37 19.36 19.37 19.40 19.45 19.52 19.61 19.72 19.85 20.00 20.17 20.36 20.57 20.80 21.05 21.32 21.61 21.92 22.25 22.60 22.97 23.36 23.77 24.20 24.65 25.12 25.61 26.12 26.65 27.20
139.49 137.30 135.13 132.98 130.85 128.74 126.65 124.58 122.53 120.50 118.49 116.50 114.53 112.58 110.65 108.74 106.85 104.98 103.13 101.30 99.49 97.70 95.93 94.18 92.45 90.74 89.05 87.38 85.73 84.10 82.49 80.90 79.33 77.78 76.25 74.74 73.25 71.78 70.33 68.90 67.49 66.10 64.73 63.38 62.05 60.74 59.45 58.18 56.93 55.70 54.49 53.30 52.13 50.98 49.85 48.74 47.65 46.58 45.53 44.50 43.49 42.50 41.53 40.58 39.65 38.74 37.85 36.98 36.13 35.30 34.49 33.70 32.93 32.18 31.45 30.74 30.05 29.38 28.73 28.10 27.49 26.90 26.33 25.78 25.25 24.74 24.25 23.78 23.33 22.90 22.49 22.10 21.73 21.38 21.05 20.74 20.45 20.18 19.93 19.70 19.49 19.30 19.13 18.98 18.85 18.74 18.65 18.58 18.53 18.50 18.49 18.50 18.53 18.58 18.65 18.74 18.85 18.98 19.13 19.30 19.49 19.70 19.93 20.18 20.45 20.74 21.05 21.38 21.73 22.10 22.49 22.90 23.33 23.78 24.25 24.74 25.25 25.78 26.33
138.64 136.45 134.28 132.13 130.00 127.89 125.80 123.73 121.68 119.65 117.64 115.65 113.68 111.73 109.80 107.89 106.00 104.13 102.28 100.45 98.64 96.85 95.08 93.33 91.60 89.89 88.20 86.53 84.88 83.25 81.64 80.05 78.48 76.93 75.40 73.89 72.40 70.93 69.48 68.05 66.64 65.25 63.88 62.53 61.20 59.89 58.60 57.33 56.08 54.85 53.64 52.45 51.28 50.13 49.00 47.89 46.80 45.73 44.68 43.65 42.64 41.65 40.68 39.73 38.80 37.89 37.00 36.13 35.28 34.45 33.64 32.85 32.08 31.33 30.60 29.89 29.20 28.53 27.88 27.25 26.64 26.05 25.48 24.93 24.40 23.89 23.40 22.93 22.48 22.05 21.64 21.25 20.88 20.53 20.20 19.89 19.60 19.33 19.08 18.85 18.64 18.45 18.28 18.13 18.00 17.89 17.80 17.73 17.68 17.65 17.64 17.65 17.68 17.73 17.80 17.89 18.00 18.13 18.28 18.45 18.64 18.85 19.08 19.33 19.60 19.89 20.20 20.53 20.88 21.25 21.64 22.05 22.48 22.93 23.40 23.89 24.40 24.93 25.48
137.81 135.62 133.45 131.30 129.17 127.06 124.97 122.90 120.85 118.82 116.81 114.82 112.85 110.90 108.97 107.06 105.17 103.30 101.45 99.62 97.81 96.02 94.25 92.50 90.77 89.06 87.37 85.70 84.05 82.42 80.81 79.22 77.65 76.10 74.57 73.06 71.57 70.10 68.65 67.22 65.81 64.42 63.05 61.70 60.37 59.06 57.77 56.50 55.25 54.02 52.81 51.62 50.45 49.30 48.17 47.06 45.97 44.90 43.85 42.82 41.81 40.82 39.85 38.90 37.97 37.06 36.17 35.30 34.45 33.62 32.81 32.02 31.25 30.50 29.77 29.06 28.37 27.70 27.05 26.42 25.81 25.22 24.65 24.10 23.57 23.06 22.57 22.10 21.65 21.22 20.81 20.42 20.05 19.70 19.37 19.06 18.77 18.50 18.25 18.02 17.81 17.62 17.45 17.30 17.17 17.06 16.97 16.90 16.85 16.82 16.81 16.82 16.85 16.90 16.97 17.06 17.17 17.30 17.45 17.62 17.81 18.02 18.25 18.50 18.77 19.06 19.37 19.70 20.05 20.42 20.81 21.22 21.65 22.10 22.57 23.06 23.57 24.10 24.65
137.00 134.81 132.64 130.49 128.36 126.25 124.16 122.09 120.04 118.01 116.00 114.01 112.04 110.09 108.16 106.25 104.36 102.49 100.64 98.81 97.00 95.21 93.44 91.69 89.96 88.25 86.56 84.89 83.24 81.61 80.00 78.41 76.84 75.29 73.76 72.25 70.76 69.29 67.84 66.41 65.00 63.61 62.24 60.89 59.56 58.25 56.96 55.69 54.44 53.21 52.00 50.81 49.64 48.49 47.36 46.25 45.16 44.09 43.04 42.01 41.00 40.01 39.04 38.09 37.16 36.25 35.36 34.49 33.64 32.81 32.00 31.21 30.44 29.69 28.96 28.25 27.56 26.89 26.24 25.61 25.00 24.41 23.84 23.29 22.76 22.25 21.76 21.29 20.84 20.41 20.00 19.61 19.24 18.89 18.56 18.25 17.96 17.69 17.44 17.21 17.00 16.81 16.64 16.49 16.36 16.25 16.16 16.09 16.04 16.01 16.00 16.01 16.04 16.09 16.16 16.25 16.36 16.49 16.64 16.81 17.00 17.21 17.44 17.69 17.96 18.25 18.56 18.89 19.24 19.61 20.00 20.41 20.84 21.29 21.76 22.25 22.76 23.29 23.84
136.21 134.02 131.85 129.70 127.57 125.46 123.37 121.30 119.25 117.22 115.21 113.22 111.25 109.30 107.37 105.46 103.57 101.70 99.85 98.02 96.21 94.42 92.65 90.90 89.17 87.46 85.77 84.10 82.45 80.82 79.21 77.62 76.05 74.50 72.97 71.46 69.97 68.50 67.05 65.62 64.21 62.82 61.45 60.10 58.77 57.46 56.17 54.90 53.65 52.42 51.21 50.02 48.85 47.70 46.57 45.46 44.37 43.30 42.25 41.22 40.21 39.22 38.25 37.30 36.37 35.46 34.57 33.70 32.85 32.02 31.21 30.42 29.65 28.90 28.17 27.46 26.77 26.10 25.45 24.82 24.21 23.62 23.05 22.50 21.97 21.46 20.97 20.50 20.05 19.62 19.21 18.82 18.45 18.10 17.77 17.46 17.17 16.90 16.65 16.42 16.21 16.02 15.85 15.70 15.57 15.46 15.37 15.30 15.25 15.22 15.21 15.22 15.25 15.30 15.37 15.46 15.57 15.70 15.85 16.02 16.21 16.42 16.65 16.90 17.17 17.46 17.77 18.10 18.45 18.82 19.21 19.62 20.05 20.50 20.97 21.46 21.97 22.50 23.05
135.44 133.25 131.08 128.93 126.80 124.69 122.60 120.53 118.48 116.45 114.44 112.45 110.48 108.53 106.60 104.69 102.80 100.93 99.08 97.25 95.44 93.65 91.88 90.13 88.40 86.69 85.00 83.33 81.68 80.05 78.44 76.85 75.28 73.73 72.20 70.69 69.20 67.73 66.28 64.85 63.44 62.05 60.68 59.33 58.00 56.69 55.40 54.13 52.88 51.65 50.44 49.25 48.08 46.93 45.80 44.69 43.60 42.53 41.48 40.45 39.44 38.45 37.48 36.53 35.60 34.69 33.80 32.93 32.08 31.25 30.44 29.65 28.88 28.13 27.40 26.69 26.00 25.33 24.68 24.05 23.44 22.85 22.28 21.73 21.20 20.69 20.20 19.73 19.28 18.85 18.44 18.05 17.68 17.33 17.00 16.69 16.40 16.13 15.88 15.65 15.44 15.25 15.08 14.93 14.80 14.69 14.60 14.53 14.48 14.45 14.44 14.45 14.48 14.53 14.60 14.69 14.80 14.93 15.08 15.25 15.44 15.65 15.88 16.13 16.40 16.69 17.00 17.33 17.68 18.05 18.44 18.85 19.28 19.73 20.20 20.69 21.20 21.73 22.28
134.69 132.50 130.33 128.18 126.05 123.94 121.85 119.78 117.73 115.70 113.69 111.70 109.73 107.78 105.85 103.94 102.05 100.18 98.33 96.50 94.69 92.90 91.13 89.38 87.65 85.94 84.25 82.58 80.93 79.30 77.69 76.10 74.53 72.98 71.45 69.94 68.45 66.98 65.53 64.10 62.69 61.30 59.93 58.58 57.25 55.94 54.65 53.38 52.13 50.90 49.69 48.50 47.33 46.18 45.05 43.94 42.85 41.78 40.73 39.70 38.69 37.70 36.73 35.78 34.85 33.94 33.05 32.18 31.33 30.50 29.69 28.90 28.13 27.38 26.65 25.94 25.25 24.58 23.93 23.30 22.69 22.10 21.53 20.98 20.45 19.94 19.45 18.98 18.53 18.10 17.69 17.30 16.93 16.58 16.25 15.94 15.65 15.38 15.13 14.90 14.69 14.50 14.33 14.18 14.05 13.94 13.85 13.78 13.73 13.70 13.69 13.70 13.73 13.78 13.85 13.94 14.05 14.18 14.33 14.50 14.69 14.90 15.13 15.38 15.65 15.94 16.25 16.58 16.93 17.30 17.69 18.10 18.53 18.98 19.45 19.94 20.45 20.98 21.53
133.96 131.77 129.60 127.45 125.32 123.21 121.12 119.05 117.00 114.97 112.96 110.97 109.00 107.05 105.12 103.21 101.32 99.45 97.60 95.77 93.96 92.17 90.40 88.65 86.92 85.21 83.52 81.85 80.20 78.57 76.96 75.37 73.80 72.25 70.72 69.21 67.72 66.25 64.80 63.37 61.96 60.57 59.20 57.85 56.52 55.21 53.92 52.65 51.40 50.17 48.96 47.77 46.60 45.45 44.32 43.21 42.12 41.05 40.00 38.97 37.96 36.97 36.00 35.05 34.12 33.21 32.32 31.45 30.60 29.77 28.96 28.17 27.40 26.65 25.92 25.21 24.52 23.85 23.20 22.57 21.96 21.37 20.80 20.25 19.72 19.21 18.72 18.25 17.80 17.37 16.96 16.57 16.20 15.85 15.52 15.21 14.92 14.65 14.40 14.17 13.96 13.77 13.60 13.45 13.32 13.21 13.12 13.05 13.00 12.97 12.96 12.97 13.00 13.05 13.12 13.21 13.32 13.45 13.60 13.77 13.96 14.17 14.40 14.65 14.92 15.21 15.52 15.85 16.20 16.57 16.96 17.37 17.80 18.25 18.72 19.21 19.72 20.25 20.80
133.25 131.06 128.89 126.74 124.61 122.50 120.41 118.34 116.29 114.26 112.25 110.26 108.29 106.34 104.41 102.50 100.61 98.74 96.89 95.06 93.25 91.46 89.69 87.94 86.21 84.50 82.81 81.14 79.49 77.86 76.25 74.66 73.09 71.54 70.01 68.50 67.01 65.54 64.09 62.66 61.25 59.86 58.49 57.14 55.81 54.50 53.21 51.94 50.69 49.46 48.25 47.06 45.89 44.74 43.61 42.50 41.41 40.34 39.29 38.26 37.25 36.26 35.29 34.34 33.41 32.50 31.61 30.74 29.89 29.06 28.25 27.46 26.69 25.94 25.21 24.50 23.81 23.14 22.49 21.86 21.25 20.66 20.09 19.54 19.01 18.50 18.01 17.54 17.09 16.66 16.25 15.86 15.49 15.14 14.81 14.50 14.21 13.94 13.69 13.46 13.25 13.06 12.89 12.74 12.61 12.50 12.41 12.34 12.29 12.26 12.25 12.26 12.29 12.34 12.41 12.50 12.61 12.74 12.89 13.06 13.25 13.46 13.69 13.94 14.21 14.50 14.81 15.14 15.49 15.86 16.25 16.66 17.09 17.54 18.01 18.50 19.01 19.54 20.09
132.56 130.37 128.20 126.05 123.92 121.81 119.72 117.65 115.60 113.57 111.56 109.57 107.60 105.65 103.72 101.81 99.92 98.05 96.20 94.37 92.56 90.77 89.00 87.25 85.52 83.81 82.12 80.45 78.80 77.17 75.56 73.97 72.40 70.85 69.32 67.81 66.32 64.85 63.40 61.97 60.56 59.17 57.80 56.45 55.12 53.81 52.52 51.25 50.00 48.77 47.56 46.37 45.20 44.05 42.92 41.81 40.72 39.65 38.60 37.57 36.56 35.57 34.60 33.65 32.72 31.81 30.92 30.05 29.20 28.37 27.56 26.77 26.00 25.25 24.52 23.81 23.12 22.45 21.80 21.17 20.56 19.97 19.40 18.85 18.32 17.81 17.32 16.85 16.40 15.97 15.56 15.17 14.80 14.45 14.12 13.81 13.52 13.25 13.00 12.77 12.56 12.37 12.20 12.05 11.92 11.81 11.72 11.65 11.60 11.57 11.56 11.57 11.60 11.65 11.72 11.81 11.92 12.05 12.20 12.37 12.56 12.77 13.00 13.25 13.52 13.81 14.12 14.45 14.80 15.17 15.56 15.97 16.40 16.85 17.32 17.81 18.32 18.85 19.40
131.89 129.70 127.53 125.38 123.25 121.14 119.05 116.98 114.93 112.90 110.89 108.90 106.93 104.98 103.05 101.14 99.25 97.38 95.53 93.70 91.89 90.10 88.33 86.58 84.85 83.14 81.45 79.78 78.13 76.50 74.89 73.30 71.73 70.18 68.65 67.14 65.65 64.18 62.73 61.30 59.89 58.50 57.13 55.78 54.45 53.14 51.85 50.58 49.33 48.10 46.89 45.70 44.53 43.38 42.25 41.14 40.05 38.98 37.93 36.90 35.89 34.90 33.93 32.98 32.05 31.14 30.25 29.38 28.53 27.70 26.89 26.10 25.33 24.58 23.85 23.14 22.45 21.78 21.13 20.50 19.89 19.30 18.73 18.18 17.65 17.14 16.65 16.18 15.73 15.30 14.89 14.50 14.13 13.78 13.45 13.14 12.85 12.58 12.33 12.10 11.89 11.70 11.53 11.38 11.25 11.14 11.05 10.98 10.93 10.90 10.89 10.90 10.93 10.98 11.05 11.14 11.25 11.38 11.53 11.70 11.89 12.10 12.33 12.58 12.85 13.14 13.45 13.78 14.13 14.50 14.89 15.30 15.73 16.18 16.65 17.14 17.65 18.18 18.73
131.24 129.05 126.88 124.73 122.60 120.49 118.40 116.33 114.28 112.25 110.24 108.25 106.28 104.33 102.40 100.49 98.60 96.73 94.88 93.05 91.24 89.45 87.68 85.93 84.20 82.49 80.80 79.13 77.48 75.85 74.24 72.65 71.08 69.53 68.00 66.49 65.00 63.53 62.08 60.65 59.24 57.85 56.48 55.13 53.80 52.49 51.20 49.93 48.68 47.45 46.24 45.05 43.88 42.73 41.60 40.49 39.40 38.33 37.28 36.25 35.24 34.25 33.28 32.33 31.40 30.49 29.60 28.73 27.88 27.05 26.24 25.45 24.68 23.93 23.20 22.49 21.80 21.13 20.48 19.85 19.24 18.65 18.08 17.53 17.00 16.49 16.00 15.53 15.08 14.65 14.24 13.85 13.48 13.13 12.80 12.49 12.20 11.93 11.68 11.45 11.24 11.05 10.88 10.73 10.60 10.49 10.40 10.33 10.28 10.25 10.24 10.25 10.28 10.33 10.40 10.49 10.60 10.73 10.88 11.05 11.24 11.45 11.68 11.93 12.20 12.49 12.80 13.13 13.48 13.85 14.24 14.65 15.08 15.53 16.00 16.49 17.00 17.53 18.08
130.61 128.42 126.25 124.10 121.97 119.86 117.77 115.70 113.65 111.62 109.61 107.62 105.65 103.70 101.77 99.86 97.97 96.10 94.25 92.42 90.61 88.82 87.05 85.30 83.57 81.86 80.17 78.50 76.85 75.22 73.61 72.02 70.45 68.90 67.37 65.86 64.37 62.90 61.45 60.02 58.61 57.22 55.85 54.50 53.17 51.86 50.57 49.30 48.05 46.82 45.61 44.42 43.25 42.10 40.97 39.86 38.77 37.70 36.65 35.62 34.61 33.62 32.65 31.70 30.77 29.86 28.97 28.10 27.25 26.42 25.61 24.82 24.05 23.30 22.57 21.86 21.17 20.50 19.85 19.22 18.61 18.02 17.45 16.90 16.37 15.86 15.37 14.90 14.45 14.02 13.61 13.22 12.85 12.50 12.17 11.86 11.57 11.30 11.05 10.82 10.61 10.42 10.25 10.10 9.97 9.86 9.77 9.70 9.65 9.62 9.61 9.62 9.65 9.70 9.77 9.86 9.97 10.10 10.25 10.42 10.61 10.82 11.05 11.30 11.57 11.86 12.17 12.50 12.85 13.22 13.61 14.02 14.45 14.90 15.37 15.86 16.37 16.90 17.45
130.00 127.81 125.64 123.49 121.36 119.25 117.16 115.09 113.04 111.01 109.00 107.01 105.04 103.09 101.16 99.25 97.36 95.49 93.64 91.81 90.00 88.21 86.44 84.69 82.96 81.25 79.56 77.89 76.24 74.61 73.00 71.41 69.84 68.29 66.76 65.25 63.76 62.29 60.84 59.41 58.00 56.61 55.24 53.89 52.56 51.25 49.96 48.69 47.44 46.21 45.00 43.81 42.64 41.49 40.36 39.25 38.16 37.09 36.04 35.01 34.00 33.01 32.04 31.09 30.16 29.25 28.36 27.49 26.64 25.81 25.00 24.21 23.44 22.69 21.96 21.25 20.56 19.89 19.24 18.61 18.00 17.41 16.84 16.29 15.76 15.25 14.76 14.29 13.84 13.41 13.00 12.61 12.24 11.89 11.56 11.25 10.96 10.69 10.44 10.21 10.00 9.81 9.64 9.49 9.36 9.25 9.16 9.09 9.04 9.01 9.00 9.01 9.04 9.09 9.16 9.25 9.36 9.49 9.64 9.81 10.00 10.21 10.44 10.69 10.96 11.25 11.56 11.89 12.24 12.61 13.00 13.41 13.84 14.29 14.76 15.25 15.76 16.29 16.84
129.41 127.22 125.05 122.90 120.77 118.66 116.57 114.50 112.45 110.42 108.41 106.42 104.45 102.50 100.57 98.66 96.77 94.90 93.05 91.22 89.41 87.62 85.85 84.10 82.37 80.66 78.97 77.30 75.65 74.02 72.41 70.82 69.25 67.70 66.17 64.66 63.17 61.70 60.25 58.82 57.41 56.02 54.65 53.30 51.97 50.66 49.37 48.10 46.85 45.62 44.41 43.22 42.05 40.90 39.77 38.66 37.57 36.50 35.45 34.42 33.41 32.42 31.45 30.50 29.57 28.66 27.77 26.90 26.05 25.22 24.41 23.62 22.85 22.10 21.37 20.66 19.97 19.30 18.65 18.02 17.41 16.82 16.25 15.70 15.17 14.66 14.17 13.70 13.25 12.82 12.41 12.02 11.65 11.30 10.97 10.66 10.37 10.10 9.85 9.62 9.41 9.22 9.05 8.90 8.77 8.66 8.57 8.50 8.45 8.42 8.41 8.42 8.45 8.50 8.57 8.66 8.77 8.90 9.05 9.22 9.41 9.62 9.85 10.10 10.37 10.66 10.97 11.30 11.65 12.02 12.41 12.82 13.25 13.70 14.17 14.66 15.17 15.70 16.25
128.84 126.65 124.48 122.33 120.20 118.09 116.00 113.93 111.88 109.85 107.84 105.85 103.88 101.93 100.00 98.09 96.20 94.33 92.48 90.65 88.84 87.05 85.28 83.53 81.80 80.09 78.40 76.73 75.08 73.45 71.84 70.25 68.68 67.13 65.60 64.09 62.60 61.13 59.68 58.25 56.84 55.45 54.08 52.73 51.40 50.09 48.80 47.53 46.28 45.05 43.84 42.65 41.48 40.33 39.20 38.09 37.00 35.93 34.88 33.85 32.84 31.85 30.88 29.93 29.00 28.09 27.20 26.33 25.48 24.65 23.84 23.05 22.28 21.53 20.80 20.09 19.40 18.73 18.08 17.45 16.84 16.25 15.68 15.13 14.60 14.09 13.60 13.13 12.68 12.25 11.84 11.45 11.08 10.73 10.40 10.09 9.80 9.53 9.28 9.05 8.84 8.65 8.48 8.33 8.20 8.09 8.00 7.93 7.88 7.85 7.84 7.85 7.88 7.93 8.00 8.09 8.20 8.33 8.48 8.65 8.84 9.05 9.28 9.53 9.80 10.09 10.40 10.73 11.08 11.45 11.84 12.25 12.68 13.13 13.60 14.09 14.60 15.13 15.68
128.29 126.10 123.93 121.78 119.65 117.54 115.45 113.38 111.33 109.30 107.29 105.30 103.33 101.38 99.45 97.54 95.65 93.78 91.93 90.10 88.29 86.50 84.73 82.98 81.25 79.54 77.85 76.18 74.53 72.90 71.29 69.70 68.13 66.58 65.05 63.54 62.05 60.58 59.13 57.70 56.29 54.90 53.53 52.18 50.85 49.54 48.25 46.98 45.73 44.50 43.29 42.10 40.93 39.78 38.65 37.54 36.45 35.38 34.33 33.30 32.29 31.30 30.33 29.38 28.45 27.54 26.65 25.78 24.93 24.10 23.29 22.50 21.73 20.98 20.25 19.54 18.85 18.18 17.53 16.90 16.29 15.70 15.13 14.58 14.05 13.54 13.05 12.58 12.13 11.70 11.29 10.90 10.53 10.18 9.85 9.54 9.25 8.98 8.73 8.50 8.29 8.10 7.93 7.78 7.65 7.54 7.45 7.38 7.33 7.30 7.29 7.30 7.33 7.38 7.45 7.54 7.65 7.78 7.93 8.10 8.29 8.50 8.73 8.98 9.25 9.54 9.85 10.18 10.53 10.90 11.29 11.70 12.13 12.58 13.05 13.54 14.05 14.58 15.13
127.76 125.57 123.40 121.25 119.12 117.01 114.92 112.85 110.80 108.77 106.76 104.77 102.80 100.85 98.92 97.01 95.12 93.25 91.40 89.57 87.76 85.97 84.20 82.45 80.72 79.01 77.32 75.65 74.00 72.37 70.76 69.17 67.60 66.05 64.52 63.01 61.52 60.05 58.60 57.17 55.76 54.37 53.00 51.65 50.32 49.01 47.72 46.45 45.20 43.97 42.76 41.57 40.40 39.25 38.12 37.01 35.92 34.85 33.80 32.77 31.76 30.77 29.80 28.85 27.92 27.01 26.12 25.25 24.40 23.57 22.76 21.97 21.20 20.45 19.72 19.01 18.32 17.65 17.00 16.37 15.76 15.17 14.60 14.05 13.52 13.01 12.52 12.05 11.60 11.17 10.76 10.37 10.00 9.65 9.32 9.01 8.72 8.45 8.20 7.97 7.76 7.57 7.40 7.25 7.12 7.01 6.92 6.85 6.80 6.77 6.76 6.77 6.80 6.85 6.92 7.01 7.12 7.25 7.40 7.57 7.76 7.97 8.20 8.45 8.72 9.01 9.32 9.65 10.00 10.37 10.76 11.17 11.60 12.05 12.52 13.01 13.52 14.05 14.60
127.25 125.06 122.89 120.74 118.61 116.50 114.41 112.34 110.29 108.26 106.25 104.26 102.29 100.34 98.41 96.50 94.61 92.74 90.89 89.06 87.25 85.46 83.69 81.94 80.21 78.50 76.81 75.14 73.49 71.86 70.25 68.66 67.09 65.54 64.01 62.50 61.01 59.54 58.09 56.66 55.25 53.86 52.49 51.14 49.81 48.50 47.21 45.94 44.69 43.46 42.25 41.06 39.89 38.74 37.61 36.50 35.41 34.34 33.29 32.26 31.25 30.26 29.29 28.34 27.41 26.50 25.61 24.74 23.89 23.06 22.25 21.46 20.69 19.94 19.21 18.50 17.81 17.14 16.49 15.86 15.25 14.66 14.09 13.54 13.01 12.50 12.01 11.54 11.09 10.66 10.25 9.86 9.49 9.14 8.81 8.50 8.21 7.94 7.69 7.46 7.25 7.06 6.89 6.74 6.61 6.50 6.41 6.34 6.29 6.26 6.25 6.26 6.29 6.34 6.41 6.50 6.61 6.74 6.89 7.06 7.25 7.46 7.69 7.94 8.21 8.50 8.81 9.14 9.49 9.86 10.25 10.66 11.09 11.54 12.01 12.50 13.01 13.54 14.09
